2_Spatialallocate/input/SA/IGDPraster/all.asc
ncols    624
nrows    365
xllcorner    72.95
yllcorner    17.45
cellsize    0.1
NODATA_value -9999
[rows 108 to 134 of 365, columns 427 to 487 of 624]
-9999 -9999 -9999 -9999 -9999 -9999 -9999 -9999 -9999 -9999 -9999 -9999 -9999 -9999 -9999 -9999 -9999 -9999 -9999 -9999 -9999 -9999 0.004054539295440934 0.03888241006040242 -9999 0.0011868450775999171 -9999 -9999 -9999 -9999 0.0012877807822911352 -9999 -9999 -9999 0.0018641207182422928 -9999 -9999 -9999 -9999 -9999 -9999 -9999 -9999 -9999 -9999 -9999 0.00018370846314430796 -9999 -9999 -9999 -9999 0.0012189226548783155 -9999 -9999 -9999 0.0004723289345419162 -9999 -9999 -9999 -9999 -9999
-9999 -9999 -9999 -9999 -9999 -9999 -9999 -9999 -9999 -9999 26.124940262911277 -9999 -9999 -9999 -9999 -9999 -9999 -9999 -9999 0.14724299347469652 -9999 -9999 -9999 -9999 -9999 -9999 0.0006889067367911548 -9999 -9999 0.029307842575814175 -9999 0.0029574513020429165 3.311065787127978e-10 0.0007098535937361068 -9999 -9999 -9999 -9999 -9999 -9999 -9999 -9999 -9999 -9999 -9999 -9999 -9999 -9999 -9999 -9999 0.3989038224736 0.012427570617330625 -9999 -9999 -9999 -9999 -9999 -9999 -9999 -9999 -9999
-9999 -9999 -9999 -9999 -9999 -9999 -9999 -9999 -9999 -9999 0.011296980948366044 0.0026152993081643553 -9999 -9999 -9999 -9999 -9999 -9999 -9999 -9999 -9999 -9999 0.0007728319050473668 -9999 -9999 -9999 0.4844271500134574 -9999 0.0005460412259508514 -9999 -9999 -9999 0.49169636853944537 9.226900979874198 0.0010547532608841514 1.021199026648276e-05 -9999 -9999 -9999 -9999 -9999 0.0019780751293331958 -9999 1.1549360661020989e-05 0.0165092793318034 0.000523059861632871 -9999 -9999 -9999 -9999 0.1039444979050716 -9999 -9999 -9999 -9999 -9999 -9999 -9999 -9999 -9999 -9999
-9999 -9999 -9999 -9999 -9999 -9999 0.8973260482164227 -9999 -9999 -9999 -9999 -9999 -9999 -9999 -9999 -9999 -9999 -9999 -9999 -9999 -9999 -9999 -9999 -9999 0.001778309097483975 -9999 0.0980964978777251 -9999 0.3371604413041287 0.6918744686765715 -9999 0.3053289086510848 0.35978076007132204 0.03057370607030331 0.02422135750067287 0.02614103781062167 -9999 -9999 0.0 -9999 -9999 -9999 -9999 0.001154936066102099 0.059712462026368034 0.006477490117950957 0.002173729438930454 -9999 -9999 10.77991940173666 1.5804074451672898 -9999 -9999 -9999 -9999 -9999 -9999 -9999 -9999 -9999 -9999
-9999 -9999 -9999 -9999 -9999 -9999 -9999 -9999 -9999 -9999 -9999 -9999 -9999 -9999 -9999 -9999 -9999 -9999 -9999 -9999 0.0010304425400631556 -9999 -9999 0.0023954922568165467 -9999 -9999 0.2437203820148747 -9999 -9999 0.19505820335917115 0.5410808495764902 0.3493930819472061 0.052052211656018074 0.07210142249638091 -9999 0.012880531750789447 -9999 -9999 -9999 0.06905924682486385 0.018056964851420793 0.0013220889817041215 -9999 -9999 3.678196408345237e-05 -9999 0.0008894927287859052 0.00021519921445411499 -9999 -9999 -9999 -9999 -9999 -9999 -9999 0.5731605464910371 -9999 -9999 -9999 -9999 0.4298415303253544
-9999 -9999 0.3543506941491781 -9999 -9999 -9999 -9999 -9999 -9999 -9999 -9999 -9999 -9999 -9999 -9999 -9999 -9999 -9999 -9999 -9999 -9999 -9999 -9999 2.3098721322041978e-05 -9999 -9999 -9999 -9999 -9999 -9999 -9999 0.6975750960193785 0.024914576911551394 -9999 -9999 0.02486162455596683 0.016237090414299753 -9999 -9999 -9999 -9999 0.03644866036424601 0.5917120732023631 0.07857124367981562 0.04423423717384758 0.02150583185561376 3.4779671022887276e-08 -9999 4.863670940010269e-05 0.00374946413356324 0.001184450929243987 -9999 -9999 0.0017047016147242343 0.0003542807081608421 0.00010145590640690374 -9999 0.0002598633618688325 -9999 -9999 -9999
-9999 -9999 0.19171420624933774 0.00366105275269043 -9999 -9999 -9999 -9999 -9999 -9999 -9999 -9999 -9999 0.03978721951244877 -9999 -9999 -9999 -9999 -9999 -9999 -9999 -9999 -9999 -9999 5.7349475635791504e-05 -9999 -9999 0.002996467845972573 0.09664321642768474 -9999 -9999 0.0012635018365702748 0.00010199392234050274 -9999 -9999 -9999 -9999 0.016314769060011676 -9999 -9999 -9999 -9999 2.3605135414607514 -9999 -9999 -9999 0.0014578449628299688 0.04411389630141173 0.10096643604068899 -9999 0.0036936244253471377 -9999 -9999 -9999 -9999 0.02439551844806034 0.01130298402325364 0.00016940454432180278 0.00024171469921882314 0.001249821377854413 0.002553180402120906
7.299800369053039e-05 0.00036499001845265194 -9999 -9999 -9999 -9999 -9999 -9999 -9999 -9999 -9999 -9999 -9999 -9999 -9999 -9999 -9999 -9999 -9999 -9999 0.14960235602656963 -9999 3.3738361438591746 -9999 0.03987829617067391 1.2573264603743996e-08 0.0024752950662932254 -9999 -9999 -9999 0.008500710796118175 0.019402010621232865 -9999 -9999 0.07253608702987534 0.056127372635810864 0.4990444051126226 0.01802505085835081 0.04821182160865804 0.06408539661079946 0.1285824649441827 0.02072790987734976 0.008300889144033288 0.001154936066102099 -9999 0.03386045389919855 -9999 -9999 -9999 0.0050901879586869635 -9999 -9999 0.010949969526448071 0.005665224321576096 -9999 0.01030677117339955 0.03181071372098484 1.0151168040471963 0.042833792494885406 -9999 -9999
-9999 0.014027876689481031 -9999 -9999 0.02196980365611134 -9999 -9999 -9999 -9999 0.006464278345837919 -9999 -9999 -9999 -9999 -9999 -9999 -9999 -9999 -9999 -9999 0.0009939122486508347 0.028964104563691317 0.5038029829359906 -9999 4.3474588778609095e-09 0.017360765856539468 0.019592596179816416 -9999 0.011048472327448591 0.0016578089676467327 -9999 1.6933267514513097 1.524406667137068 6.653359896714591 0.0760204392506611 0.25076464430159673 2.204148222690335 0.8820858570621515 0.3765897691356528 0.002095544100623999 -9999 0.11862224209594328 2.59296428152751 0.26526096161321067 0.01776530127827747 0.01453281450040372 -9999 -9999 -9999 -9999 -9999 0.08205175869337518 -9999 0.06309927996148132 0.025178934692997104 0.0002541450510491144 -9999 -9999 0.013535973789583221 0.43442690707053067 -9999
0.035053660378154404 0.0008083227378497859 2.9781357116764102 3.2931602957712274 -9999 2.2963557893038495e-05 -9999 8.397058076099361 0.5185241182626192 0.001014568918776291 -9999 -9999 -9999 0.022911495096224234 -9999 -9999 -9999 -9999 -9999 -9999 0.008419147427033502 -9999 0.003205073881261666 -9999 -9999 -9999 2.0955441006239988e-05 0.039338118133827316 -9999 0.10760900774386728 0.009720006935957742 1.0775322551090039 5.037833220937944 255.0377475034802 9.20950451461963 18.03905490363083 2.8014721329531884 0.05764329462289232 8.963203679732544e-05 0.03987538620658347 -9999 0.0035515429125127637 0.5612262765538316 0.00023098721322041977 0.016237090414299753 -9999 0.0008294578568884915 -9999 0.00013844421861355997 0.000332266124672544 0.005083529848506733 0.16877330690098383 0.007339071147258336 0.058487091254839384 0.09400426602853595 -9999 -9999 0.31820905527945104 -9999 1.019468964172605 -9999
-9999 -9999 0.007369134573543799 -9999 0.33953654477818485 -9999 0.0009391815788374096 0.38003164466109635 0.5967745019764293 0.01900016303134679 0.016307877918064664 -9999 0.04911453774021622 0.001712254882929466 0.00301449832360427 -9999 -9999 -9999 0.10162291652292504 0.07316789872377426 -9999 0.3229388686024889 -9999 -9999 -9999 0.10943020290138519 -9999 0.03092932775755225 0.23285400456976196 0.0005949864952627704 0.2735067846022836 0.04450463814903522 12.255001431802212 -9999 0.012807477541745889 0.8249620564665024 0.19358003574841487 0.0036396184206351078 0.5584334061352522 -9999 0.08658699896563879 0.000671029120179085 -9999 -9999 -9999 -9999 0.04204325373158059 -9999 0.010281147033330905 0.43079096176491855 0.884754160875215 0.20432470363147276 0.05737587637403756 -9999 -9999 0.09531559303361009 0.7986701216263935 0.07308250664020816 -9999 0.1299631572073772 4.6509457581277935
0.03964724680739012 -9999 -9999 0.18360805990896456 0.000502261840978362 -9999 0.0003712918098933948 0.29181821648346273 0.00024505259452964063 0.00018566144478170756 -9999 -9999 -9999 -9999 -9999 6.488423844424496e-06 0.20144494043234606 0.0002116534514900215 0.09100767336431956 0.20968720999074217 0.013089809839649344 0.017195938076463652 0.0017769946525891406 0.046709853497823854 -9999 0.11053187305919615 0.04565494056939106 0.02470524243438761 0.04423423717384758 0.07158342568853739 0.02284933877996535 0.0021193299843594656 0.5193194202511978 2.331126906810165 1.1063910279331495 1.2941218533284544 0.6302708001882708 0.21151760547392054 0.14659881671279643 -9999 0.23472430533003288 0.06810232886581098 0.004766388171618561 -9999 -9999 -9999 0.03393458639124642 0.002230817651636542 0.09475344581743884 0.14380594670918634 0.04234148087757649 0.8420248044006488 0.08641309215482025 0.6793420058747324 0.10217320277149142 0.031429083328911714 0.24423816225600062 0.07712073987832913 6.966694943520358 17.15671973593379 24.964214758050232
0.016406251358741915 0.06062073536201986 -9999 0.5988403258660093 0.07470418953262412 0.005538798784000161 0.029919515992072685 -9999 -9999 -9999 -9999 -9999 0.016810653777811543 -9999 -9999 0.019925374522212727 0.48892754506363445 2.5464975022672958 0.4969038740039447 0.06756242851602462 0.46200236583217225 0.057521132893941465 0.0011587541183532572 0.003774620301844974 0.025948101724806386 0.07528302201845526 -9999 0.4477181120107796 0.018303810624673216 0.30057426370757195 5.266481513138941 0.039174323929954555 0.027390059015791758 0.25422120014691013 0.314124179401829 0.15647268434054848 0.19148285796344205 -9999 0.009926232056277564 0.14270347594665725 0.9649471646638037 -9999 -9999 -9999 0.00013168946132017677 0.08515578592636788 0.10490049613179869 0.15484855396473798 0.23992074661257745 1.0209477916539975 0.4500640754369092 0.05790843852690761 1.073608822560367 0.3745715810032248 8.016810011526453e-05 0.04958528307857471 -9999 0.02191444214266177 6.190551293422191 12.293122671659836 0.5639050399785275
-9999 2.8783185915887763 0.047937955403341 -9999 0.028133519792461113 0.17763916066055024 -9999 0.006379186944173729 -9999 -9999 -9999 -9999 -9999 0.007227536793352666 -9999 0.04932201456889813 0.1487412043902233 0.31238824090785894 -9999 -9999 1.0726099647125662 1.8004703615387843 0.028343331847155578 0.00042994961938286916 -9999 -9999 -9999 0.09681873637534887 0.01939055694031915 0.1457895582637816 0.020661850415093417 -9999 0.0004806128304288145 0.021415103719375096 0.10264646361709476 4.359486710536505 0.2256799772314907 0.2407432930600566 0.0028099993395975576 0.09054821429787277 0.7627844406409962 0.36157616755998356 0.0019888966406350675 0.553316032172826 0.33555961110495086 0.026668638323257877 0.1848546394466148 0.029645087793208173 0.12920940868340466 0.24070082809601626 2.2993784304736686 0.461055982224894 0.45681983205293825 0.056237263457317194 0.031763512397034364 -9999 0.07886042183023342 0.37751000457023626 9.017587927304175 -9999 0.083337638590254
0.007615238914592975 0.013316057172485367 -9999 -9999 8.19873773746213 -9999 0.17512161499818119 -9999 -9999 -9999 0.008894022834320637 -9999 0.13205965369705877 0.13436045810934408 -9999 0.005153939962314314 -9999 0.03270864324087214 0.0011232825130470343 -9999 0.02604339870381991 0.37885521610174777 0.026473513956356533 0.03129043223080115 -9999 -9999 -9999 0.016237090414299753 -9999 -9999 -9999 0.0018390982041726189 0.09342914789007895 0.027855080212981068 0.011872144206773884 0.9602373276129601 0.17379743196542272 0.35443210348576676 0.13649326689384772 0.14263585841933923 0.030802133081471054 4.244737346542909e-06 0.5310338007651723 1.718513186724109 0.14301205602360595 1.5351825995406656 0.1772889529110305 0.1293014316923259 0.06890495426427784 0.44130772520134287 0.1334281679936524 0.00304354070439685 -9999 0.014179932689413323 0.02397132579753243 0.0003529197561434052 0.6448155536479465 2.726583498393779 0.0715981222603201 0.0033128087889928966 0.10690611222614757
0.04768669157458605 -9999 0.020427869110790413 -9999 0.014680756249147529 -9999 -9999 -9999 0.01812361321047566 -9999 -9999 -9999 -9999 0.04127584156074871 0.012040574823550462 -9999 0.0019390758775801322 0.01596516285397403 -9999 0.04623976285385108 0.002749379411546908 0.0022445476129483366 -9999 -9999 -9999 0.004238659968718931 0.0171571373498603 -9999 0.08225888731200363 0.011223081105415842 0.047733515819430944 0.016999381500073654 4.250245850267147e-05 -9999 0.00893523680430803 0.051722756285537304 0.02657206766405298 0.20761437567355057 0.04239416798731681 0.5252866032837066 0.22661547884448335 0.6218631101588454 0.21693937520596746 0.1067581289184375 0.14454616208395954 0.08686124727177379 0.7707198820827806 6.128220078921994 10.666848688491067 0.003456103439051818 0.030611196344819798 0.0009264769058881398 0.10039280498446984 -9999 0.09564802534204897 0.03229830824890135 1.871214241458398 0.006093293556533378 0.3299641956536384 0.42179711969446804 0.008309938711948177
-9999 0.031282193803545855 -9999 0.012037435673495064 0.004166042711715111 -9999 -9999 0.024446409864997333 -9999 -9999 -9999 -9999 -9999 -9999 -9999 0.042122339428852254 0.01708705734655797 0.4759581874464955 0.02673968217358124 0.0270431374321541 1.658470929287868 0.004541272197323137 -9999 -9999 0.04582299019244847 0.01270970648956744 -9999 -9999 -9999 -9999 0.5084620021991103 -9999 -9999 0.05101932660738806 0.01024891099886894 1.9572847304067338 0.7844906430438358 0.08392360173865257 1.4320658001829991 0.8912302496945493 1.16032913517078 1.4801956767121818 -9999 0.040248632296225585 0.07861881589151852 0.021673985503053845 40.580725560298006 11.855444469550092 2.2931340080176095 0.0017897436943294168 0.003266085682204784 0.0026390558887250206 0.010373349302126505 -9999 0.2963698105225167 4.26106269744966 0.16947441400079505 0.6060962249670662 0.007856863127876743 0.003778618970757438 7.56929682099222
0.011185522927446232 -9999 -9999 -9999 -9999 -9999 -9999 -9999 0.03359198705350764 8.219490661408411 -9999 0.0009093889069309161 0.004541272197323137 -9999 -9999 0.006379186944173729 0.09853417334149242 -9999 0.0003673308514619113 0.115768507207078 0.16798798383821392 -9999 0.011974078820627674 0.4464989050008458 -9999 -9999 -9999 0.00470903869598277 0.09534051187399539 0.20582875935803954 0.13054675824549344 0.008161108721743072 0.021551534419446544 0.21108584698184316 -9999 0.03557723377726401 0.0164887135370195 1.3857905328378206 1.0806606896295154 7.330778667728028 3.435638669450483 0.6087018946620404 0.008382149203408934 0.15364139468163115 0.10965442196511528 0.009604060957720671 0.13327621543467502 2.039284220269606 -9999 0.01030330440171244 0.0011695078147516658 -9999 0.38068405432424124 0.07602923043605009 -9999 0.40166107459437006 0.004970840629709281 0.00726534774365347 -9999 0.3099307232847354 5.96469889057048
-9999 0.0020806963067381114 -9999 -9999 -9999 -9999 0.016769682470801732 -9999 0.4770650900773736 2.2117796074021197 0.0015126275751804591 -9999 -9999 0.005330983957767421 0.9320860341940305 0.051589243429240886 0.10307879924628625 -9999 0.10765203579881952 0.6371343758335487 3.349950781456958 0.04327769901275315 0.15772396875951789 0.30819336938129616 -9999 0.0020671322640751404 0.046775801623942306 0.020767582091277624 0.08716575167962295 0.2749384117514246 0.060954781398524005 0.15208294067542172 -9999 -9999 0.5564729046917855 0.09210678571793555 4.269908302681882 0.5968886130611176 4.57082214700447 0.40633473960615873 0.45371409382307454 4.2217695043328005 0.041291145144413406 0.13974058389236535 0.013425237958793561 0.03290847546101524 0.06093482127070832 0.011465726166380993 0.6703324366200519 0.001118290888611808 0.0008517888431752807 0.017449930756272047 0.015002184169223243 0.06852021413546874 -9999 4.130351191383117 0.018414412114014272 0.26614129356384053 0.010303752091792549 0.4644505242306976 83.0555695737279
0.002906713179757185 -9999 -9999 -9999 -9999 -9999 -9999 0.36584357527771993 0.2966850757305335 11.180041420317824 9.60191175404746 -9999 0.23818043946486153 0.8476037004561677 0.22344581609831948 0.08388252163345618 -9999 0.018233448173232705 -9999 5.432435014244402 0.2701239398814819 0.5852603639436548 0.13073300550086425 1.395147834505666 -9999 0.5020287711176313 -9999 -9999 -9999 1.6532248125879447 0.0346880372775116 0.7714490460041875 -9999 -9999 0.009667868398485335 0.21306184382626825 3.1835770714383953 32.07119684748576 0.6958177347243156 0.11014564486902527 0.10582903429391867 0.10175921905739549 0.20123517737946198 0.0013562235787860286 0.013193835816566307 -9999 0.03137850962969334 0.05158290799955822 0.37180907290278314 0.31617948724171946 0.14464224192611574 0.0030178698329700704 0.000717933309834081 0.005706987938056333 0.40671826449005005 4.486590950868041 0.07204053525549745 0.4480852157250782 0.3907213097326467 1.2284398503945901 -9999
0.0852475054507466 -9999 0.02929903734630514 -9999 -9999 0.0016669053747637478 -9999 -9999 4.855516725898417 15.510590026420134 0.11175934941649236 1.8756053320506534 11.057150591952963 0.10189736774558614 -9999 0.01609719431579433 0.1351352490481369 0.09334851662845024 0.09836839302160112 1.278902407098111 1.5007690472045294 0.6058799322605355 8.125750715385646 1.0405188212847463 1.5677049682305186 0.3454907876432261 0.12315415859091834 0.1910664215380387 0.5599719129324484 2.582280845896669 0.20334845443870203 0.005359587483628031 -9999 0.00010661967915534842 0.0002588133924851833 0.09410355664751306 0.08468374068706676 0.10390803642931644 0.010821611929890217 0.10634693680713289 5.4921562227634615 0.009796027641415586 0.11141651637019553 0.0043271767810616965 0.010121281787997235 0.01749561070904995 0.05643716024235793 -9999 0.04798272332372777 0.1924888829886757 0.8125096168800536 8.997761977740847e-05 -9999 5.922323153331554 18.4607545387275 3.7166500848818718 4.445573907878067 1.178138970506169 0.09631312133828814 1.8489114392583554 0.3406787376976653
0.052060407692708054 0.006360855538614422 -9999 -9999 -9999 -9999 -9999 -9999 -9999 -9999 0.042861111020450066 0.014262798799755373 0.6285051551831051 5.386138960178765 -9999 -9999 8.75008172303634 0.012453831748077094 0.876346781604326 0.3680662846812823 1.2116633721154138 3.2928781971481125 0.22745483000327732 0.016250943934800945 0.013367019939469987 0.2521807171665917 0.01604953664794268 0.10698115275075325 0.4006533403565447 0.8778803595561322 5.993278495750042 0.06861522751513682 0.02007224495472135 0.9659418274448154 0.01068725285602767 0.060969588943398295 0.062436180679554414 0.045789285347869975 0.06723957264136646 0.22368887391165884 2.3740673230787652 0.04542296530578533 22.24929315536607 0.13778348915240846 0.7366675778158115 0.04661563096102239 0.07896507819423383 -9999 0.4723259474093293 0.11705672290908953 0.05386702416636172 0.7022498440930043 2.724471508058425 15.280232362488826 14.261441018051963 0.2366607001997326 0.31170503493507923 1.0626687622397792 0.06361491730817417 1.2406136535470926 0.6197933167585177
0.009155483080744029 0.37392755666394634 -9999 0.005571809206711679 0.09808571892496828 -9999 0.028976638671570222 -9999 -9999 0.20917808167915805 0.007152585885259985 0.005078771475828833 0.028132914015064237 9.160717771943967e-05 0.003091196742658915 0.009283184312647857 2.956899037664535 11.6961513506022 0.6221524550302635 4.1051389223243655 24.647483464141008 0.2455188102509852 10.817607617244624 0.6311779179485498 0.1443697636232191 1.5282313207722529 0.03243187819457414 0.0107290403983193 0.0029502951334765513 42.408881137701954 0.04776334195443667 0.041709526128211244 0.07337008617024084 0.0062640708820921225 0.19874629823014336 0.054946036720431066 0.06513565034149967 0.019640736080292664 0.03925210067525814 0.037154624750681646 0.03580120246943978 0.14073067773108336 0.09078679393373364 0.029101445678988584 0.4178314203827616 0.04541842508519245 0.013868134347588221 0.007023474793140317 0.13372347476300728 3.2325871310004177 0.19858692474741563 0.738281792125211 1.1646351110844981 0.486249195907435 0.06808588796396732 0.3145800991642122 0.0008080184876044521 0.38784609883927046 0.9470153129289398 0.0034598053833638153 -9999
0.036568746183056604 0.11916767443002427 -9999 0.00013945819326330585 0.09646414921332794 -9999 -9999 -9999 0.007174985704666069 0.0005300661169174444 -9999 0.13621454946436007 0.3505072247042882 0.028004957998367472 3.765968258156468 0.11681983166061488 0.008237022643568891 0.051835730409218975 -9999 0.0538604057908193 0.23628377734631847 11.896606881032689 0.44717599801097907 24.98640426812481 0.4825309840874564 0.08950336566827086 0.09158774949312688 -9999 0.2676865481223755 0.9883996140932589 -9999 0.010127003699121919 0.020260353669774148 0.00018280514614151796 0.04425686598920378 0.025028402431375392 0.043910354362436406 0.18029848122343026 0.05698168100884114 0.06211023243078562 0.36563402607138284 1.8031513654310758 0.07181986035305414 0.8647278436143302 0.05840058626676094 -9999 -9999 1.7963112301570912 0.7554597878680454 1.0514195741384338 47.70144099046446 0.8243228307641604 2.895229550645821 53.68055061257086 3.172996320244178e-05 -9999 -9999 -9999 -9999 -9999 -9999
0.10116803272037245 0.0075848571726807364 -9999 -9999 0.018844587116710696 -9999 -9999 0.020419065467846463 -9999 1.0139738075855655 0.022453763698128074 0.01425357454997022 0.055739422113081055 0.5553294334223567 0.7935775425999358 0.65054069319084 0.12608846536538407 0.01577906282833764 0.003673308514619113 0.16101968961286875 0.25474346955982646 0.8673036115418391 0.029875413395621466 0.00031999456427773146 3.097724359482666 0.8389542760220995 2.477893619486635 0.01669014055750873 0.1439952128318462 0.10815025281016571 0.5760477572107469 -9999 0.029140643709091776 7.700295119005262e-05 1.6154811949339076 0.0283842663852666 0.01565841615540014 -9999 0.034051557779860034 0.06575915937697621 0.001926312130621134 0.20787198861424636 0.0652634988394813 0.00935717759903197 0.0004538175332000144 1.0077745145249772 0.26446694713812924 1.1524294213226316 1.2814352299987568 0.09519968959583504 7.315154922462712 65.18223109400351 15.146451054610514 1.7934246131000662 -9999 -9999 -9999 -9999 -9999 -9999 -9999
0.006821864118023189 0.0036100780021266314 -9999 -9999 -9999 0.00032869901236418444 0.10738813327827797 -9999 0.04416202707700234 3.8946608247916017 0.022097885345092005 0.13030239591867213 0.04419577069018401 0.11048942672546003 0.38765162212766946 3.07208935797422 0.04780717914067841 0.04683391981121007 0.00011030076595120459 0.005137229329628033 0.06098665487341792 2.2722168743053124 0.01711350159035981 0.37545783564488033 0.060981884452645886 2.412642599264783 -9999 0.034868266400081 10.22994167667127 0.478958120395456 -9999 0.1797332527524978 0.7182861363119906 1.3940851107163548 0.030542900941368068 0.007645482025683871 0.07564323325849193 0.038492992502531714 0.0352921465777079 0.1852361544570794 0.03680950842911095 7.646248540420455e-06 0.6644949814341652 0.025389431954572154 0.0060028454191538815 0.00015687845539463723 0.12547150958698788 0.0703812647495558 0.5071312930064579 2.697197607325669 4.2406726357628495 0.3593233193437146 -9999 -9999 -9999 -9999 -9999 -9999 -9999 -9999 -9999
-9999 -9999 0.9512440829288453 0.46037648133730197 2.3208655125311153 0.009760391999070857 0.04576273173027075 0.07944374447831147 0.023160146440028128 -9999 -9999 0.2118881558296815 0.320940245285664 0.32089839786548785 0.6106492092315605 0.1335424731062355 -9999 0.2604463940146176 21.5340407020005 21.743235217580573 9.971157528513391 0.7304956361395935 0.026205837981505324 0.000797412996681241 -9999 -9999 -9999 2.76929689690697 3.4775421924222605 21.78963576932478 1.0777736459188958 -9999 0.12214739276763004 0.44897064867729486 0.01901371981852611 6.787378237801182e-09 -9999 0.03576899917763608 0.027524853030653388 9.05015086295421e-09 0.09529689698112304 0.0025098397999075736 -9999 1.1447327465735544 0.009167664283886292 0.20126665376789474 1.482047933132764 0.013585124352366855 0.29765035676531126 9.09421556322328 0.05175141246109169 -9999 -9999 -9999 -9999 -9999 -9999 -9999 -9999 -9999 -9999
