2_Spatialallocate/input/SA/IGDPraster/sectors/Manufacture of Non-metallic Mineral Products.asc
ncols    624
nrows    365
xllcorner    72.95
yllcorner    17.45
cellsize    0.1
NODATA_value -9999
[rows 196 to 223 of 365, columns 441 to 503 of 624]
3.6729618932438637 1.023165550031542 5.09352870136432 4.25054958564714 0.06765613670498578 0.13365519897614084 0.22966448578486973 4.105624145828886 0.6653039017583844 0.5128651651693346 0.28104585520888925 0.8907715164652731 11.219049910310938 2.373097632616947 0.08457966449303327 3.6441021966845923 0.8655761341924589 1.2523785647766723 3.083867472363656 0.3588989874309425 0.16800136065760507 1.4157944555624318 0.1279003765118746 0.009679250961756314 0.052519841677302996 0.13767227043400881 0.4671806817478813 0.07678151955046164 -9999 0.023922852578702702 -9999 -9999 -9999 -9999 -9999 -9999 -9999 -9999 -9999 -9999 -9999 -9999 -9999 -9999 -9999 -9999 -9999 -9999 -9999 -9999 -9999 -9999 -9999 -9999 -9999 -9999 -9999 -9999 -9999 -9999 -9999 -9999 -9999
1.5215867914889905 2.1447102552006263 14.888865760441117 0.00525073995977696 6.233360412443727 0.13614507809272913 0.5302463137271963 0.07168553678659978 0.2048056657355228 -9999 0.0003976149098772432 0.4829440027948259 0.19131588484787612 0.07631291567874826 -9999 0.12797123177933797 0.12221544226286749 0.07531164334402773 0.12600266898648674 0.15009993466328195 0.0048106905268841945 0.7927003518050861 0.13206858131884044 1.054573942129633 0.8179204501718261 0.6769086809772633 0.020860427726782278 0.6652706979639433 0.0026684752496900803 0.13160211254586152 0.02497978709856943 0.07015500848789123 -9999 -9999 -9999 -9999 -9999 -9999 -9999 -9999 -9999 -9999 -9999 -9999 -9999 -9999 -9999 -9999 -9999 -9999 -9999 -9999 -9999 -9999 -9999 -9999 -9999 -9999 -9999 -9999 -9999 -9999 -9999
4.221151301532263 1.7890675413937314 0.6531407663320705 0.25659288242728784 -9999 0.004771378918526919 0.019132503854203738 0.09546799926867201 1.0010169755511071 0.16751505228399002 -9999 -9999 0.2133638174370068 -9999 0.02239692839084121 5.6174244069786186e-05 7.81992884432975 9.150202010100195 1.2234898462546029 0.07231742510133167 0.003833856554698291 0.06434749468919289 0.36279997854044077 0.0629997727431417 0.1237416717222923 0.1469541098115133 0.05517863447909215 0.0003937126889051657 0.2692607410532456 0.4552317648400908 0.17204049229073262 0.01347621850335089 -9999 -9999 -9999 -9999 -9999 -9999 -9999 -9999 -9999 -9999 -9999 -9999 -9999 -9999 -9999 -9999 -9999 -9999 -9999 -9999 -9999 -9999 -9999 -9999 -9999 -9999 -9999 -9999 -9999 -9999 -9999
0.6335943537020993 0.13463701117297588 0.06139231659581085 2.291082654347529 1.1117430212072223 0.8201522104890597 0.08965312904257924 0.15253564160903263 -9999 0.028310309826490306 0.024587604444029534 0.0011465816886902722 0.04568747323126825 0.02636372222926415 0.36902666804287293 3.2593192659399945 1.318504367241556 0.942562914496101 1.3390017483976355 0.023371147911020563 0.011922740604913681 4.677599579142691 0.12285945925034009 -9999 -9999 -9999 0.16077370605867208 0.015714404233336657 0.12052070476765754 -9999 0.0006049518774725858 0.023922852578702702 -9999 -9999 -9999 -9999 -9999 -9999 -9999 -9999 -9999 -9999 -9999 -9999 -9999 -9999 -9999 -9999 -9999 -9999 -9999 -9999 -9999 -9999 -9999 -9999 -9999 -9999 -9999 -9999 -9999 -9999 -9999
1.1148568696627756 -9999 0.11888134951322904 0.5530943794617444 0.06872781712600752 0.002853609771754339 0.09336275086514362 7.988723841224156 0.5014959006579309 0.1716324853954544 5.267476143608926 7.237348536013721 3.323648539211476 0.0333021016478384 2.0801963321595625 0.01648164572076861 0.0377720911278231 0.029291011836518083 3.176728825179079 0.018025974130369306 0.001024382732806884 0.007981557264828732 0.11768935163613906 -9999 0.0013392032562421106 0.006195549853420164 0.12753739276162301 0.39452568808737126 -9999 0.008981582485729778 -9999 0.000276786208461331 -9999 -9999 -9999 -9999 -9999 -9999 -9999 -9999 -9999 -9999 -9999 -9999 -9999 -9999 -9999 -9999 -9999 -9999 -9999 -9999 -9999 -9999 -9999 -9999 -9999 -9999 -9999 -9999 -9999 -9999 -9999
-9999 0.10848231021829388 -9999 0.10442085224347995 0.2559091056202197 -9999 0.05153146974563669 0.05669949366946757 0.2674317642634859 0.20832779396302054 0.04993943664428047 1.3411894663070918 3.33838807679216 0.1396471222313279 0.11522729733555712 0.15047601539658734 1.6327667132350752 -9999 0.038576278424152524 0.0005527800438945402 2.1847774793900947 0.29396595168978046 0.0208080105208143 0.12302946209218046 -9999 0.26866316893953646 0.048412659839695546 0.15877697138819966 0.10865086021553029 -9999 -9999 1.0482327162522909 0.1228363834760609 7.355413703582613 -9999 -9999 -9999 -9999 -9999 -9999 -9999 -9999 -9999 -9999 -9999 -9999 -9999 -9999 -9999 -9999 -9999 -9999 -9999 -9999 -9999 -9999 -9999 -9999 -9999 -9999 -9999 -9999 -9999
-9999 0.13248255572088222 -9999 0.14831221158234292 0.10593729398738783 0.1784786742826621 0.14375394664333022 0.01787226484143382 -9999 0.0023866999817168002 0.032153101685101326 0.5148160215768085 0.17306258696766605 0.06582991071294833 4.36624528720089 0.37475984100089366 0.7091904611617479 0.04727982438620486 0.669400855283856 0.025570962931305195 1.106360634609492 0.22812435898516825 0.009882545474293456 3.387635858386539e-05 1.3949088828650454e-05 0.01275345264333756 0.5667116924045189 2.5683755969183264 0.14515168922716323 1.1725448350663028 1.2581168844189539 0.8236958762380944 0.052469528257843984 0.09569141031481081 -9999 -9999 -9999 -9999 -9999 -9999 -9999 -9999 -9999 -9999 -9999 -9999 -9999 -9999 -9999 -9999 -9999 -9999 -9999 -9999 -9999 -9999 -9999 -9999 -9999 -9999 -9999 -9999 -9999
0.34454945421580113 0.39775229435185716 0.0027809971761501907 0.03244966519874943 8.555428363596633 -9999 0.4237491759495513 0.010589244041758832 0.0006494409115359143 0.04237491759495513 0.0009461563453531688 -9999 0.06470817442855084 0.3232443812605979 -9999 0.09379975664307866 1.058156281204733 0.018436763236738624 0.9170469639885207 4.845006709624807 0.7736928588089673 0.2824539164665655 -9999 0.0662293101494015 0.182870091582869 0.35338118314511 0.06586979298133547 0.4666728743791072 -9999 0.031056554320329666 0.05949510110042343 0.143908252251931 -9999 -9999 -9999 -9999 -9999 -9999 -9999 -9999 -9999 -9999 -9999 -9999 -9999 -9999 -9999 -9999 -9999 -9999 -9999 -9999 -9999 -9999 -9999 -9999 -9999 -9999 -9999 -9999 -9999 -9999 -9999
0.08740981421255328 0.3161429664623716 0.0924707050152462 0.08388984882682246 1.047308814896793 0.010017857099794681 0.08178530465485936 0.21680576437415322 0.011435129509910703 -9999 1.0331152128097014 1.479790244817354 0.7596291481487963 0.003679128235692109 -9999 -9999 0.019937563862738615 1.264971188861967 4.6227584927515855 0.7759163741362515 4.461015653348788 0.1130673431856124 0.053181681509249165 -9999 0.0027678620846133097 0.0967964451625367 0.8807010286470991 1.8522188502278452 1.3616889476779759 1.4131278436567882 0.026532912037333902 0.14921467870718977 0.21810999718657975 9.533890361081728e-05 -9999 -9999 -9999 -9999 -9999 -9999 -9999 -9999 -9999 -9999 -9999 -9999 -9999 -9999 -9999 -9999 -9999 -9999 -9999 -9999 -9999 -9999 -9999 -9999 -9999 -9999 -9999 -9999 -9999
-9999 0.02567133315997626 0.004907303769514744 -9999 0.10624105910496222 0.49634863351644404 0.06788031877410841 0.3027721839524723 0.4417392922092962 0.06915156630195707 0.5664161416588476 1.0184182513764415 0.08062604637720194 -9999 0.02803000972919832 -9999 0.1571408015081078 0.09274427749487368 4.515038498075528 22.832406164350875 0.20182256322513648 0.006182951832991579 0.3654693679871983 0.0132419730708428 0.00011571734668329378 0.003803540720183746 0.9032944003746868 1.0069691285884008 0.18694689668022912 0.9003418601003362 0.4731730070796689 3.13295746783026 0.2723449971960469 0.0376906055576853 0.035884278868054044 -9999 -9999 -9999 -9999 -9999 -9999 -9999 -9999 -9999 -9999 -9999 -9999 -9999 -9999 -9999 -9999 -9999 -9999 -9999 -9999 -9999 -9999 -9999 -9999 -9999 -9999 -9999 -9999
0.009255586626459263 0.14536700134669397 0.5499329159829425 -9999 0.002118745879747757 -9999 0.0854663560842648 -9999 0.008310945545079442 -9999 0.16618230714867746 -9999 0.027173940734702865 -9999 -9999 -9999 -9999 0.7866679567504402 0.17619610905559346 0.017742401253828366 0.02570249986192294 0.3042350799718128 -9999 0.0007876620324425808 0.04662594000988183 0.555662494349001 0.7545946893899979 0.068441268174624 0.9844732626891558 4.657726114976142 5.418662918283289 1.0904325334510931 0.15740770878608182 0.0013157062474664246 0.062199416704627024 -9999 -9999 -9999 -9999 -9999 -9999 -9999 -9999 -9999 -9999 -9999 -9999 -9999 -9999 -9999 -9999 -9999 -9999 -9999 -9999 -9999 -9999 -9999 -9999 -9999 -9999 -9999 -9999
-9999 0.03987095429118766 0.5456899988267736 0.0004673821737027035 0.10883408657184328 -9999 -9999 0.17620702016317352 0.030123789203424955 -9999 1.9153565211437875 -9999 -9999 -9999 -9999 -9999 -9999 0.5369093453095988 0.07793840260770975 0.017045335610130854 -9999 2.947111376449867 2.965226233484852 0.01149559488326099 0.20113497324333213 -9999 0.0008777177599491187 0.06099855214727128 1.2391280494372263 1.4490242474405624 0.12555739167860006 7.882033254191633 0.0359827212731425 0.40195022490261717 0.3277985373285745 -9999 8.981424993149284 2.6105384466740986 -9999 -9999 -9999 -9999 -9999 -9999 -9999 -9999 -9999 -9999 -9999 -9999 -9999 -9999 -9999 -9999 -9999 -9999 -9999 -9999 -9999 -9999 -9999 -9999 -9999
0.008446215659401082 -9999 1.0158271334137345 -9999 -9999 0.0019426429733523734 0.17879885651088537 2.639128323827457 0.08313916288877496 0.01249014321755193 0.09423154931107339 -9999 0.0349326934993268 -9999 0.017366107000701392 -9999 -9999 4.05088912234645 0.0007153644362948208 0.01848029402961706 -9999 -9999 0.20847578506351971 0.030022778100641523 0.3463177030535817 0.002033388694733033 0.029803615617742335 0.3604629578177504 1.565746113862819 1.5453803080268598 0.007516425935372242 0.022362948758775463 4.989857008515118 0.9928298525101701 0.14331631711987464 0.03797913272886695 4.226059209561983 -9999 -9999 -9999 -9999 -9999 -9999 -9999 -9999 -9999 -9999 -9999 -9999 -9999 -9999 -9999 -9999 -9999 -9999 -9999 -9999 -9999 -9999 -9999 -9999 -9999 -9999
0.1425098562097685 0.2702187975804904 0.021834513026208358 0.10106022324528305 0.22254816925397364 2.0218935935849762 2.534617259425133 -9999 2.0631916321824404 0.03537413850126052 0.035787561148189366 -9999 -9999 0.013016632687678902 1.058397694273171 3.816450515099013 -9999 0.053080970273144165 1.0615877997416379 7.638709377384785 0.45384098549421453 0.9897493224290372 -9999 0.09804946041096524 0.1306347514013667 0.004703339661437769 0.00022925858167494102 0.1123627574666353 0.04236268975167884 0.0901190675654395 0.17995927934173747 0.09397596425203862 0.13551978107808715 0.14327772500160307 0.005284672599333631 6.715093450373687e-06 -9999 -9999 -9999 -9999 -9999 -9999 -9999 -9999 -9999 -9999 -9999 -9999 -9999 -9999 -9999 -9999 -9999 -9999 -9999 -9999 -9999 -9999 -9999 -9999 -9999 -9999 -9999
0.4913297255380681 1.996565781244423 2.8793675366002764 6.589400868623924 3.546725315975481 19.74374771445445 0.1628798361337257 -9999 0.03941752966894671 -9999 0.0006702214936374365 -9999 0.01160443666856244 0.8975810047099145 13.07692817014228 0.02938032120177085 0.0511891802189579 0.0011151989736156297 0.13873865807422603 0.0015457379582478948 0.14302626474915087 -9999 -9999 0.001895655411586938 0.020208995572120535 1.0769935598437614 2.6190067392770997 3.004874238881669 0.37164895531410913 2.5724346760599364 -9999 0.8648960349298013 0.004158178524768878 -9999 0.10253657204020042 0.04035760687435864 0.00478457051574054 -9999 -9999 -9999 -9999 -9999 -9999 -9999 -9999 -9999 -9999 -9999 -9999 -9999 -9999 -9999 -9999 -9999 -9999 -9999 -9999 -9999 -9999 -9999 -9999 -9999 -9999
0.6238595656293898 3.3031305712820545 0.24206149346589872 3.6823122530485857 7.211379983753967 0.18397410368741382 3.3008246140754904 0.02259775949404134 2.047352893304664 0.307304798059659 0.05730135830330534 0.17654105759436842 0.05596336557075287 0.020829115567073307 0.007817605169336495 0.07325688821669313 0.05777992867582815 0.007167852071218569 0.05005058258653823 -9999 -9999 -9999 -9999 1.9865487900333378 0.10233932425849948 0.13807825149734795 0.4781860384379128 3.566277340375327 -9999 0.5896184704474924 0.005381364327325016 0.31705099007344034 1.6488672791647934 6.041313194261448 0.05548943656198331 0.03313474200089186 -9999 -9999 -9999 -9999 -9999 -9999 -9999 -9999 -9999 -9999 -9999 -9999 -9999 -9999 -9999 -9999 -9999 -9999 -9999 -9999 -9999 -9999 -9999 -9999 -9999 -9999 -9999
2.7797370784529107 0.42641457949128614 2.130873271609801 2.2165766577263546 39.67750528585388 -9999 0.005864740077347943 -9999 0.39814845914321156 0.44538600275927187 0.977517352465798 0.16866395257891667 -9999 -9999 0.026867424617365767 0.12008834276523539 2.004361061443381 0.01134944812000745 0.06410868983764141 0.34588821690781124 -9999 0.0001499596180012769 -9999 0.34531566374884787 0.010520872468937535 0.21486352327771252 0.03961587110633588 0.14326495236819345 0.029312965088249363 0.008200673736678838 0.09572260643772998 0.42470352327632693 0.3930821450793259 0.11691256624490652 0.012728928294885348 0.11505255695390323 0.2097582632972816 0.021967441367287982 -9999 -9999 -9999 -9999 -9999 -9999 -9999 -9999 -9999 -9999 -9999 -9999 -9999 -9999 -9999 -9999 -9999 -9999 -9999 -9999 -9999 -9999 -9999 -9999 -9999
0.10588517575897914 0.01575020510047976 0.19487306859725484 -9999 -9999 -9999 0.09432023825919215 0.03802163279364749 -9999 0.035787561148189366 -9999 -9999 0.01807847230033403 0.001129886857666244 0.008061485284880628 0.11699588499677203 0.026849744063175383 0.15604818140173285 0.21650565028585764 0.4861052721491257 0.1422212709369894 1.9981065032436232 0.26226172487364463 0.0066017560187757104 4.399848350605476 0.1749456505661097 0.10356717091741136 0.007774645396231286 0.08248119383943722 0.3065465267152148 0.1892411011213944 0.5008592682390565 0.729250669346534 0.4253029185342608 0.05329273430779076 5.2663065596947125e-05 -9999 0.05438057329666347 6.937179400311507 -9999 -9999 -9999 -9999 -9999 -9999 -9999 -9999 -9999 -9999 -9999 -9999 -9999 -9999 -9999 -9999 -9999 -9999 -9999 -9999 -9999 -9999 -9999 -9999
0.00286981750584239 4.355486340578212 0.09279011740476192 -9999 0.007937831701140395 0.27880953719530344 0.4921057527355445 0.6378546422687539 0.044295856206682804 -9999 0.05845158412670851 0.052671608838497114 0.01395405248133782 0.003518844046408766 0.01151222205642311 0.005253021601728494 0.014343513051840681 0.22235059048479824 0.16347663926143227 0.2029487525273832 0.2153175412926237 0.08261756421648439 1.6024995575972365 0.001148358456642713 7.702078113773844 0.5122840987667565 0.3015215344322218 0.6380538338443298 0.7975688745331753 1.996781933523223 3.363443115508794 0.6831350980778881 0.6470493147098549 107.11762652261096 0.2057309944432321 0.38159691523718414 1.3370084728174367 1.9715431304013422 0.13522205745695093 4.290824781264856 -9999 -9999 -9999 -9999 -9999 -9999 -9999 -9999 -9999 -9999 -9999 -9999 -9999 -9999 -9999 -9999 -9999 -9999 -9999 -9999 -9999 -9999 -9999
6.5088559252253555 0.03157244425776844 -9999 0.03578758348890582 0.0002467585579700331 0.8344783504449506 0.0619453995494803 0.07157512229637873 0.0603623492482287 0.006726752822921246 -9999 2.248397735025311 0.002467585579700331 0.5204968291100469 0.004211373646374049 0.01117036108991067 0.20463785957000158 0.00993654012142356 0.18604705816001282 0.19003200249133187 0.8913420898944249 0.7072419017484775 0.47275602085656043 0.36076566230630863 1.3237535681423742 1.8815923184962806 0.21182962584341303 1.371631748275613 0.5041068276979068 0.7895207527531168 2.6250620280293195 1.8059585966108398 0.24679407793325892 2.199669483615788 2.6047756196473797 0.3914740958164315 0.020562454603848323 0.16095004040508726 0.13861834304546503 1.045996701305433 0.04576984305409814 0.16629336727217384 0.5851968858255407 -9999 -9999 -9999 -9999 -9999 -9999 -9999 -9999 -9999 -9999 -9999 -9999 -9999 -9999 -9999 -9999 -9999 -9999 -9999 -9999
0.7939101246391603 0.08289579763731075 0.022054921777382164 0.03690459697091843 -9999 0.07587090399112295 0.0004468143290916243 0.035787561148189366 0.05835168476731639 -9999 0.0062589459867418975 0.20400004543446662 6.033863594964537 6.113946727946758 0.6865272597616432 1.401697662557416 0.5812106714381848 1.0326978129664064 0.030780004390801436 0.2900672109395426 2.456990691119027 2.206518540422803 0.2566221572054696 0.4265600458543899 0.5101856273027745 0.14566202712392332 0.4378755438400562 1.84871410112674 0.11604068426261387 0.22509735395968655 2.8403207903912167 0.7526537766509894 0.5255674227902597 0.4657504774352078 1.1871183958312472 6.956938971078562 0.26905575124973125 0.10184272940206734 0.07602183311862089 0.274775513379058 1.467438952940383 0.07768602572215243 0.02092194308447963 -9999 -9999 -9999 -9999 -9999 -9999 -9999 -9999 -9999 -9999 -9999 -9999 -9999 -9999 -9999 -9999 -9999 -9999 -9999 -9999
0.024294129399691083 0.02788590336402784 0.07602580681844909 -9999 -9999 0.0002977500993917681 -9999 -9999 -9999 -9999 0.0916393522846424 24.35892388376406 0.07268635984999164 0.20050624761123542 1.5969728567847603 0.38908306015292515 7.009613400439568 0.5265844998097288 1.6471155515411606 2.229246750717562 2.497302033306673 2.6883336214045723 0.6939473065237974 1.4261478821808242 0.33675722951090076 0.3100513965467514 13.058846620037569 3.7367586791617273 2.8212959903150368 1.032969204278267 0.4091887045966352 0.5999397976866176 4.687229386509165 0.13651224887626096 0.3205263417105883 0.11324220700463587 0.5205812928813497 0.07222930269901255 2.461733281967551 0.1628196289761549 0.5214668455664345 1.578265818808277 0.7715041188086746 -9999 -9999 -9999 -9999 -9999 -9999 -9999 -9999 -9999 -9999 -9999 -9999 -9999 -9999 -9999 -9999 -9999 -9999 -9999 -9999
0.003400900962762519 0.16149025453321858 0.1262247024459076 0.06670435567656376 -9999 0.0889046628084303 -9999 5.189605793910116e-07 -9999 -9999 0.4886951709055779 1.6490436190599926 0.44039294270295926 1.2211498749617844 0.4103917449720433 0.21681327137792386 1.3955644608616784 1.9378458628364374 4.209248000592831 4.6020346909715135 0.37645589121688106 6.451448029702723 1.8408973329094724 1.3049566124146288 10.581523532353659 0.7613172578587013 0.28288361428653713 1.57302081819977 1.759950606981534 3.1650332478402587 1.3111941694359062 1.2791163902193161 0.22055703634700455 0.3416203343481219 7.923091966846355 7.047048160139818 1.1803146776340008 3.146932343531291 0.32246806486867624 0.35770693503475715 0.18465417495758324 1.9814757919359263 0.05654296695263637 2.2297252561287433 -9999 -9999 -9999 -9999 -9999 -9999 -9999 -9999 -9999 -9999 -9999 -9999 -9999 -9999 -9999 -9999 -9999 -9999 -9999
0.034750736920606665 0.4298039078039401 0.6534372055787695 0.08841995013105557 0.21996349350039496 0.00591711566112681 0.3232710216562306 -9999 0.03257416280534754 -9999 -9999 1.4139990166089436 0.013950254372483572 2.6503800801002178 1.7571010478425397 0.5669600366482895 0.06171027387606834 -9999 17.675544992231803 0.32169297410809783 0.03313975054138408 0.2051036156884504 0.4131291885387223 0.5337796409372753 0.7840155442927116 0.5284135004920317 0.7412430099973145 0.9197818824430808 2.727829490322845 4.4812320182851835 0.14464223749966162 2.745411591753199 0.9825071179006034 0.1087218922639975 15.091662592128284 0.37876876387813263 9.069743314403693 0.6937595189502327 1.2673211854500344 2.244810616431437 0.8088567225255288 0.6726104821275585 0.6651054222346061 3.7761763371748756 0.44321673825534685 0.3056490745187104 0.04724484705399819 -9999 -9999 -9999 -9999 -9999 -9999 -9999 -9999 -9999 -9999 -9999 -9999 -9999 -9999 -9999 -9999
1.350298826356393 6.814598212174482 17.306919539243772 0.339658034246555 0.38996750764656235 0.04868809558052076 0.022585732003125667 -9999 0.009133220367478696 0.0006779321145997465 0.0037218762423971005 0.13146709689890398 0.27947796055238694 0.38985350677054426 4.073234036607503 8.536404784462809 1.5349404976263725 1.9341801267806618 0.9909088324301262 1.1330111092905666 0.4022365442570267 0.060957417880681715 0.28691849225797195 0.0537968564126306 0.2547726949915235 0.36193700679208957 0.8446685161069654 2.4071290686889544 8.716920231037612 1.1405518091137166 0.6232251320650166 1.90103853225304 0.6397861346420416 2.868797527387809 2.2394617953672222 3.080091822437383 2.415007097776529 0.27330715671003813 20.47821917331812 0.4639179372233634 4.947426775111552 0.2794291626686547 1.8012076337535678 0.09004960422954685 0.027033345585793376 0.3850662111038206 0.26800340455851307 4.083304627321792 -9999 -9999 -9999 -9999 -9999 -9999 -9999 -9999 -9999 -9999 -9999 -9999 -9999 -9999 -9999
15.369652296271001 1.246841191122257 0.745049393579015 12.74608987779049 2.293860337530597 0.0653005422210707 0.002464420987509071 0.7974590978331856 0.03763323010808717 0.0001612195757681819 0.04140132674513577 0.043533827009158504 0.1083953900139805 0.832894230478146 4.989190077886537 2.513196181071223 3.738622851013722 0.4136411610876523 0.48316005112132154 1.2105178735118485 3.670083508101779 0.4654938179666447 0.5782927818728372 0.004022540899735997 0.6836167287861925 1.2171939304821333 0.8293529318680128 16.938971077146437 1.297512257707222 0.47421186604871274 2.79603827523546 1.4922296610993058 1.1323918407468088 3.1874813942837794 1.9717075130365158 1.392414911026548 0.9497071091069925 -9999 3.05575443688965 7.533340761282091 4.489983150864893 0.4429605442654306 0.008144648385896756 1.217878250878379 0.3671043780663377 5.726641032484877 0.16569637156829953 0.3094006975417479 -9999 -9999 -9999 -9999 -9999 -9999 -9999 -9999 -9999 -9999 -9999 -9999 -9999 -9999 -9999
6.145331850077765 1.527269520129973 0.683557675812499 3.4041398063306065 1.6662330900034863 0.15597715258074063 0.3527367870841719 0.02885602001575417 0.20638895734166235 0.03227810996054956 0.4935864016007765 0.7644900211144344 0.4198704862441949 1.293394100292813 2.677666696275655 0.2522694230914998 0.5957511652842571 0.599430172036418 0.23971868994953677 0.4705645985616441 1.6938101495897573 0.15022440913307533 0.11975998303352878 0.8015581028957922 3.663093679993789 2.3832661884295314 0.37363144639386 14.411923652170945 1.2035602368664897 2.997514616013251 6.077927132755343 0.34411861392359444 2.084438422117663 0.6105834844552341 2.5494641866267878 0.7772785371363898 13.078688531358255 1.6981231905239302 4.8568327148811 0.43359615981842203 0.8076406508853425 0.09937924224089202 5.513107024776421 0.011139622169330034 0.022625010098371347 0.15776798289782473 0.8028428518973288 0.2533699653197819 -9999 -9999 -9999 -9999 -9999 -9999 -9999 -9999 -9999 -9999 -9999 -9999 -9999 -9999 -9999
2.270252654189145 0.029785502212288484 -9999 -9999 0.009453023825562151 0.10763743033840234 0.6289234830803111 0.8555311585645364 1.1064518054992916 0.16276142287708897 0.1459510088895145 0.038969640834028256 0.2873253475931887 8.73704386100092 0.08622274170531247 0.10973590392146915 2.3819497970993613 0.07533565849600656 0.6765581070758564 0.3840202202412157 0.71305848220976 0.014285612276788184 0.01403462945991825 0.2166864893287175 0.6165839354131065 12.555209192186386 0.339754801548009 0.6579319587606671 12.023267537068483 1.9971744756724352 2.5397385110988813 5.62139177291539 9.315668963568752 1.8212265454813819 1.1176228972503266 4.191456578686107 5.456773127441211 4.641589740044423 0.3114879840474575 0.04542616425049341 0.061475264123951955 1.2176524589445044 0.20279111679487 0.5518906984363323 0.00885746356839233 0.172640324565696 0.005566815841548244 0.10184272940206734 -9999 -9999 -9999 -9999 -9999 -9999 -9999 -9999 -9999 -9999 -9999 -9999 -9999 -9999 -9999
